disease_inflammation_asthma_disease:                        0.184964661788
disease_pulmonary_disease_disease:                          0.123309774525
disease_attenuate_inflammation_disease:                     0.123309774525
disease_joint_disease_disease:                              0.123309774525
disease_skin_inflammation_disease:                          0.123309774525
gene_ll37_gene:                                             0.0986478196203
gene_high_affinity_fmlp_receptor_gene:                      0.0986478196203
gene_azurocidin_gene:                                       0.0986478196203
disease_chronic_inflammation_disease:                       0.0975110738787
gene_adenosine_kinase_gene:                                 0.0822065163502
disease_cerebral_ischaemia_disease:                         0.0822065163502
disease_neutrophilic_inflammation_disease:                  0.0812000547202
disease_rhinitis_disease:                                   0.0704627283002
disease_skin_disease_disease:                               0.063442355596
disease_systemic_anaphylaxis_disease:                       0.0598140264752
disease_kidney_disease_disease:                             0.0581431432735
disease_allergic_inflammation_disease:                      0.0539834211367
disease_cardiovascular_disorder_disease:                    0.0508454655468
gene_receptor_activator_nuclear_factor_kappa_b_ligand_gene: 0.0493239098101
disease_vascular_endothelium_disease:                       0.0493239098101
disease_ach_disease:                                        0.0493239098101
disease_vascular_inflammation_disease:                      0.0493239098101
disease_vascular_tone_homeostasis_disease:                  0.0493239098101
disease_trauma_disease:                                     0.0471201110415
disease_lung_injury_disease:                                0.0423780796296
disease_chs_disease:                                        0.037366598341
disease_arthritis_disease:                                  0.036453349341
disease_gastrointestinal_disease_disease:                   0.0348858859641
disease_brain_injury_disease:                               0.0291990777274
disease_cardiovascular_homeostasis_disease:                 0.0285128359549
gene_akt_gene:                                              0.0269833697408
gene_diabetes_gene:                                         0.0267906333933
disease_tumour_disease:                                     0.0259326721282
disease_ra_disease:                                         0.0251590471958
disease_vascular_disease_disease:                           0.0242464618939
disease_cardiovascular_disease_disease:                     0.0190018670585
disease_epilepsy_disease:                                   0.0168480787839
disease_asthma_disease:                                     0.0123994424975
disease_cancer_disease:                                     0.00988075572915
gene_b2r_gene:                                              0.00894393082188
disease_neurotoxicity_disease:                              0.00882634218063
gene_insulin_gene:                                          0.00871347761928
disease_obesity_disease:                                    0.00731057451191
disease_autoimmune?_disease_disease:                        0.00706176680149
gene_bradykinin_gene:                                       0.00463194508908
disease_rheumatoid_arthritis_disease:                       0.00433991980203
disease_atherosclerosis_disease:                            0.00213446058186
disease_hypertension_disease:                               0.00148544882694
